      0.05236      -2.8672
      0.10472      -1.5977
      0.15708      -2.6652
      0.20944      -1.6675
       0.2618     -0.44672
      0.31416      -1.1587
      0.36652     -0.62504
      0.41888     -0.23798
      0.47124      0.38406
       0.5236       1.0021
      0.57596       1.8951
      0.62832       1.1581
      0.68068       1.2181
      0.73304       1.7974
       0.7854       1.3783
      0.83776       1.8095
      0.89012        1.482
      0.94248      0.54071
      0.99484       1.5708
       1.0472       1.1203
       1.0996       1.4977
       1.1519       1.3281
       1.2043       1.4254
       1.2566       0.9124
        1.309      0.87483
       1.3614      0.26496
       1.4137        1.105
       1.4661       1.1606
       1.5184      0.12112
       1.5708     0.073602
       1.6232      0.70829
       1.6755       1.1436
       1.7279       1.7121
       1.7802       1.1969
       1.8326       1.2743
        1.885      0.91677
       1.9373     -0.19617
       1.9897     -0.85743
        2.042     -0.92852
       2.0944      -0.3213
       2.1468      0.32464
       2.1991      -1.0339
       2.2515     -0.81796
       2.3038     0.068874
       2.3562      -1.1425
       2.4086     -0.59502
       2.4609      -1.2018
       2.5133     -0.78914
       2.5656     -0.64341
        2.618     0.032382
       2.6704       1.2047
       2.7227       1.0142
       2.7751          1.9
       2.8274       1.5613
       2.8798       2.2463
       2.9322       2.2401
       2.9845       3.4141
       3.0369       3.2336
       3.0892       3.4147
       3.1416       3.6166
