      -4.8959       171.54
      -4.2502      -327.42
      -3.8492      -654.07
      -3.7084      -660.06
      -3.6763      -701.02
      -3.5075      -753.58
      -3.4953       -779.5
       -3.495      -741.76
       -3.368       -856.9
      -3.3536      -886.42
      -3.3195      -888.61
      -3.1918      -982.86
      -3.1512       -952.3
      -2.7417      -1007.4
      -2.6111      -1002.6
      -2.1513      -1007.7
      -2.0299      -1076.8
      -1.5273      -948.39
      -1.5091      -807.65
      -1.4294      -855.84
      -1.1245      -718.67
     -0.94718      -788.57
     -0.55191      -668.41
     -0.31981      -604.96
     -0.11227      -593.64
     0.019699      -536.01
      0.14282      -353.94
      0.49984      -380.72
      0.52674      -281.14
      0.73326      -339.64
        1.272      -249.81
        1.619      -95.099
       1.6723      -22.245
       2.0237       44.246
       2.6051       125.62
       2.9486      -39.863
       3.1019       148.16
        3.104       11.372
       3.3345       42.393
       3.3689       57.215
       3.4443      -15.469
       3.5355       -83.44
       3.6886       -25.88
       4.4347      -145.85
       4.4384      -195.79
       4.4404      -197.61
       4.6264      -186.99
       4.7469       -247.3
        4.764      -223.88
       4.8173      -265.45
